% number of repeats:% 3
% enter first, last, inc:% 48 480 48 
data = [
%  n          reference      |         current implementation 
%        time       GFLOPS   |    time       GFLOPS     diff 
   480 3.5170e-03 6.2889e+01    1.5707e-01 1.4082e+00 3.5527e-13
   432 2.4630e-03 6.5465e+01    9.3968e-02 1.7159e+00 3.1264e-13
   384 1.7635e-03 6.4218e+01    1.6664e-01 6.7960e-01 1.9895e-13
   336 1.1732e-03 6.4667e+01    4.3432e-02 1.7468e+00 1.7053e-13
   288 7.5735e-04 6.3083e+01    2.9744e-02 1.6062e+00 1.1369e-13
   240 4.4382e-04 6.2295e+01    1.3429e-02 2.0589e+00 4.2633e-14
   192 2.2985e-04 6.1586e+01    9.9457e-03 1.4233e+00 2.8422e-14
   144 1.0225e-04 5.8403e+01    1.9142e-03 3.1198e+00 2.8422e-14
    96 3.5161e-05 5.0325e+01    6.0384e-04 2.9304e+00 1.4211e-14
    48 7.4420e-06 2.9721e+01    5.5253e-05 4.0031e+00 7.1054e-15
];

% Maximum difference between reference and your implementation: 3.552714e-13.
