% number of repeats:% 3
% enter first, last, inc:% 48 480 48 
data = [
%  n          reference      |         current implementation 
%        time       GFLOPS   |    time       GFLOPS     diff 
   480 3.3965e-03 6.5120e+01    9.6047e-02 2.3029e+00 3.5527e-13
   432 2.4963e-03 6.4593e+01    6.6731e-02 2.4163e+00 3.1264e-13
   384 1.7593e-03 6.4370e+01    6.0007e-02 1.8872e+00 1.9895e-13
   336 1.1625e-03 6.5260e+01    3.0777e-02 2.4650e+00 1.7053e-13
   288 7.5433e-04 6.3336e+01    1.9273e-02 2.4789e+00 1.1369e-13
   240 4.3071e-04 6.4192e+01    1.1029e-02 2.5068e+00 4.2633e-14
   192 2.2805e-04 6.2072e+01    5.8785e-03 2.4081e+00 2.8422e-14
   144 1.0099e-04 5.9133e+01    2.1480e-03 2.7802e+00 2.8422e-14
    96 3.5037e-05 5.0503e+01    6.2318e-04 2.8394e+00 1.4211e-14
    48 7.4170e-06 2.9821e+01    6.3596e-05 3.4780e+00 7.1054e-15
];

% Maximum difference between reference and your implementation: 3.552714e-13.
