% number of repeats:% 3
% enter first, last, inc:% 48 480 48 
data = [
%  n          reference      |         current implementation 
%        time       GFLOPS   |    time       GFLOPS     diff 
   480 3.3055e-03 6.6914e+01    2.1263e-02 1.0402e+01 3.5527e-13
   432 2.4229e-03 6.6549e+01    1.5500e-02 1.0403e+01 3.1264e-13
   384 1.7000e-03 6.6615e+01    1.0993e-02 1.0301e+01 1.9895e-13
   336 1.1499e-03 6.5979e+01    7.1726e-03 1.0577e+01 1.7053e-13
   288 7.4326e-04 6.4279e+01    4.5049e-03 1.0605e+01 1.1369e-13
   240 4.2654e-04 6.4819e+01    2.5705e-03 1.0756e+01 4.2633e-14
   192 2.2495e-04 6.2928e+01    1.3023e-03 1.0870e+01 2.8422e-14
   144 9.9688e-05 5.9907e+01    5.0882e-04 1.1737e+01 2.8422e-14
    96 3.4321e-05 5.1557e+01    1.4602e-04 1.2118e+01 1.4211e-14
    48 7.1000e-06 3.1153e+01    1.5606e-05 1.4173e+01 7.1054e-15
];

% Maximum difference between reference and your implementation: 3.552714e-13.
