% number of repeats:% 3
% enter first, last, inc:% 48 480 48 
data = [
%  n          reference      |         current implementation 
%        time       GFLOPS   |    time       GFLOPS     diff 
   480 3.4938e-03 6.3308e+01    9.4347e-02 2.3444e+00 3.5527e-13
   432 2.4655e-03 6.5401e+01    6.4744e-02 2.4905e+00 3.1264e-13
   384 1.7452e-03 6.4889e+01    6.5401e-02 1.7316e+00 1.9895e-13
   336 1.1767e-03 6.4472e+01    3.0426e-02 2.4934e+00 1.7053e-13
   288 7.6291e-04 6.2623e+01    1.9457e-02 2.4554e+00 1.1369e-13
   240 4.3869e-04 6.3024e+01    1.0927e-02 2.5302e+00 4.2633e-14
   192 2.3021e-04 6.1491e+01    5.6634e-03 2.4995e+00 2.8422e-14
   144 1.0907e-04 5.4755e+01    2.1393e-03 2.7916e+00 2.8422e-14
    96 3.5176e-05 5.0303e+01    6.1034e-04 2.8992e+00 1.4211e-14
    48 7.1660e-06 3.0866e+01    6.3711e-05 3.4717e+00 7.1054e-15
];

% Maximum difference between reference and your implementation: 3.552714e-13.
