% number of repeats:% 3
% enter first, last, inc:% 48 480 48 
data = [
%  n          reference      |         current implementation 
%        time       GFLOPS   |    time       GFLOPS     diff 
   480 3.3948e-03 6.5153e+01    2.1996e-02 1.0056e+01 3.5527e-13
   432 2.4188e-03 6.6664e+01    1.6157e-02 9.9795e+00 3.1264e-13
   384 1.7105e-03 6.6206e+01    1.1501e-02 9.8464e+00 1.9895e-13
   336 1.1525e-03 6.5829e+01    7.5544e-03 1.0043e+01 1.7053e-13
   288 7.4847e-04 6.3832e+01    4.6737e-03 1.0222e+01 1.1369e-13
   240 4.3384e-04 6.3728e+01    2.7050e-03 1.0221e+01 4.2633e-14
   192 2.2763e-04 6.2189e+01    1.3138e-03 1.0775e+01 2.8422e-14
   144 1.0230e-04 5.8376e+01    5.1697e-04 1.1552e+01 2.8422e-14
    96 3.5622e-05 4.9674e+01    1.4243e-04 1.2424e+01 1.4211e-14
    48 7.3040e-06 3.0283e+01    1.5625e-05 1.4156e+01 7.1054e-15
];

% Maximum difference between reference and your implementation: 3.552714e-13.
